[redshift]
temp-day=5700
temp-night=2500

location-provider=manual
fade=1

[manual]
lat=33.239605235909764
lon=-87.5593809124503
